% Representación de un robot PRR con muñeca en línea.


%  alpha    a    d    theta tipo  xi  yi  zi  xf  yf  zf   R   G   B
r1=[-pi/2   0    0     0     0    0   0   0   0   0  2000  1   0   1;
     0      0  1000    0     1    0   0 -100  0   0  100   0   1   1;
     0    -1000  0    pi/2   0  1000  0   0   0   0   0    0   0  0.9;
   pi/2     0    0   -pi/2   0    0   0   0   0   0  900   0   1   0;
  -pi/2     0  1000    0     0    0  100  0   0   0   0    1   0   0
   pi/2     0    0     0     0    0   0   0   0   0  200  0.5 0.5  0;
     0      0   200    0     0   50   0   0 -50   0   0   0.4 0.8 0.8];
     